     =============================================================
                         Data/MC Scale Factors       
	            GSFElectrons ----> EleIdLoose
     -------------------------------------------------------------
     ptLow      ptHi       etaLow     etaHi      Effi      Error  
     -------------------------------------------------------------
     =============================================================
     10.00      15.00       0.00       0.80      0.855      0.022      0.023
     15.00      20.00       0.00       0.80      0.962      0.010      0.010
     20.00      30.00       0.00       0.80      1.005      0.003      0.003
     30.00      40.00       0.00       0.80      1.004      0.001      0.001
     40.00      50.00       0.00       0.80      1.008      0.001      0.001
     50.00     200.00       0.00       0.80      1.008      0.001      0.001
     10.00      15.00       0.80       1.44      0.858      0.020      0.020
     15.00      20.00       0.80       1.44      0.962      0.011      0.011
     20.00      30.00       0.80       1.44      0.981      0.003      0.003
     30.00      40.00       0.80       1.44      0.991      0.001      0.001
     40.00      50.00       0.80       1.44      0.994      0.001      0.001
     50.00     200.00       0.80       1.44      0.999      0.001      0.001
     10.00      15.00       1.44       1.56      1.109      0.108      0.124
     15.00      20.00       1.44       1.56      0.903      0.030      0.031
     20.00      30.00       1.44       1.56      1.044      0.013      0.011
     30.00      40.00       1.44       1.56      0.998      0.004      0.004
     40.00      50.00       1.44       1.56      0.989      0.002      0.002
     50.00     200.00       1.44       1.56      0.994      0.005      0.004
     10.00      15.00       1.56       2.00      0.838      0.016      0.016
     15.00      20.00       1.56       2.00      0.939      0.018      0.018
     20.00      30.00       1.56       2.00      0.980      0.005      0.005
     30.00      40.00       1.56       2.00      0.992      0.002      0.002
     40.00      50.00       1.56       2.00      1.004      0.002      0.002
     50.00     200.00       1.56       2.00      1.006      0.003      0.003
     10.00      15.00       2.00       2.50      1.034      0.042      0.043
     15.00      20.00       2.00       2.50      0.970      0.018      0.018
     20.00      30.00       2.00       2.50      1.017      0.006      0.006
     30.00      40.00       2.00       2.50      1.019      0.003      0.003
     40.00      50.00       2.00       2.50      1.005      0.001      0.001
     50.00     200.00       2.00       2.50      1.009      0.002      0.002
